2 2
2 3
2 4
2 5
2 6
2 7
3 8
4 8
5 8
6 7
7 6
8 7
8 8
8 9
8 10
8 11
8 12
8 13
8 14
8 15
8 16
8 17
9 18
10 17
10 16
10 15
11 14
12 14
11 14
10 15
10 16
10 17
9 18
8 18
7 18
6 19
6 20
6 21
6 22
6 23
7 24
8 25
8 26
8 27
8 28
8 29
9 30
10 30
11 30
12 31
13 32
14 33
15 34
16 34
17 34
18 34
19 34
20 34
21 34
22 34
23 34
24 34
25 34
26 35
26 36
26 37
27 38
28 38
29 38
30 38
31 38
32 39
33 40
34 40
35 40
36 41
37 42
38 43
39 44
40 44
41 44
42 44
43 44
44 44
45 44
46 43
47 42
48 42
49 42
50 43
50 44
50 45
50 46
50 47
50 48
50 49
51 50
52 51
52 52
52 53
52 54
52 53
52 52
52 51
51 50
50 49
50 48
50 47
51 46
52 46
53 46
54 47
54 48
54 49
54 50
54 51
54 52
54 53
54 54
54 55
55 56
56 56
57 56
58 56
59 56
60 56
61 56
62 57
62 58
62 59
62 60
62 59
63 58
64 58
65 58
66 59
66 60
66 61
66 62
66 63
67 64
68 64
69 64
70 64
71 64
72 65
72 66
72 67
72 68
72 69
73 70
74 70
75 70
76 71
77 72
78 72
79 72
80 73
81 74
82 75
82 76
82 77
82 78
82 79
83 80
84 80
85 80
86 80
87 80
88 81
88 82
88 83
87 84
86 85
86 86
86 87
86 88
86 89
87 90
88 90
89 90
90 91
91 92
92 92
93 92
94 93
95 94
96 94
97 94
98 94
99 94
100 95
100 96
100 97
100 98
100 99
100 100
