0 0 0 1 0 2 0 3 0 4 1 0 2 0 2 2 2 3 2 4 3 0 4 0 4 2 4 3 4 4 
5 0 5 2 5 4 
0 5 2 5 6 0 6 2 6 4 6 5 
0 6 2 6 4 6 6 6 
0 7 2 7 6 7 
2 8 3 8 4 8 5 8 6 8 7 2 



7 0 
8 0 8 2 8 4 
9 0 9 2 9 4 
10 0 10 2 10 4 
11 0 11 2 
12 0 12 2 12 3 12 4 
13 0 
14 0 14 2 14 4 
15 0 15 4 
10 5 12 5 14 5 16 0 16 2 16 3 16 4 
10 6 11 6 12 6 14 6 15 6 16 6 
16 7 
10 8 11 8 12 8 13 8 14 8 16 8 
16 9 
11 10 12 10 13 10 14 10 15 10 16 10 
18 6 18 7 18 8 18 9 18 10 18 11 
11 12 12 12 13 12 14 12 16 12 17 12 
10 10 10 11 10 12 
9 8 
8 6 8 7 8 8 8 10 8 11 8 12 
7 10 
6 10 6 11 6 12 6 13 
6 14 8 14 9 14 10 14 12 14 
8 15 10 15 12 15 
7 16 8 16 10 16 12 16 13 14 
14 14 14 16 
15 14 15 16 
16 13 16 14 16 16 

12 17 14 17 
8 18 9 18 10 18 12 18 13 18 14 18 
8 19 
8 20 10 20 12 20 13 20 14 20 
8 21 12 21 
10 22 11 22 12 22 14 22 15 20 
16 17 16 18 16 20 16 21 16 22 
17 18 17 22 
18 16 18 18 18 20 18 21 18 22 
19 16 19 18 
20 16 20 18 20 19 20 20 20 21 20 22 
21 16 21 22 
18 23 22 17 22 18 22 20 22 21 22 22 
16 24 18 24 20 24 21 24 22 24 
16 25 18 25 20 25 
17 26 18 26 20 26 21 26 22 26 23 24 
24 20 24 21 24 22 24 23 24 24 24 25 24 26 

16 26 22 27 
16 28 17 28 18 28 20 28 22 28 
16 29 18 29 22 29 
18 30 19 30 20 30 21 30 22 30 
16 30 
15 24 15 26 
14 24 14 26 14 28 14 29 14 30 
13 24 13 28 
12 26 12 28 12 30 12 31 14 31 16 31 
12 32 13 32 14 32 16 32 17 32 18 32 

12 34 13 34 14 34 15 34 16 34 17 34 18 34 
14 35 18 35 
13 36 14 36 16 36 18 36 19 32 19 36 
20 32 20 34 20 36 
21 32 21 34 21 36 
22 32 22 34 22 35 22 36 

24 30 24 31 24 32 24 33 24 34 24 36 
25 32 25 36 
26 31 26 32 26 33 26 34 26 36 
21 38 22 38 23 38 24 38 26 38 27 34 27 36 
28 32 28 34 28 36 28 38 
29 32 29 36 29 38 
30 32 30 33 30 34 30 36 30 37 30 38 
31 34 31 36 
32 32 32 34 32 36 32 38 
33 32 33 34 33 38 
34 32 34 34 34 35 34 36 34 37 34 38 
35 32 
30 39 32 39 36 33 36 34 36 36 36 37 36 38 
30 40 31 40 32 40 33 40 34 40 




28 31 30 31 32 31 
26 30 27 30 28 30 30 30 






20 38 20 39 24 39 26 39 
22 40 23 40 24 40 26 40 27 40 
22 41 28 39 28 40 
22 42 24 42 25 42 26 42 28 42 
22 43 24 43 26 43 28 43 
23 44 24 44 26 44 28 44 29 42 
30 42 30 44 
31 42 31 44 
32 42 32 44 
33 42 
34 41 34 42 34 44 



26 45 28 45 30 45 
24 46 25 46 26 46 28 46 30 46 
24 47 28 47 30 47 
24 48 25 48 26 48 28 48 30 48 
26 49 28 49 30 49 
24 50 25 50 26 50 28 50 30 50 
24 51 28 51 
24 52 26 52 28 52 29 52 30 52 
26 53 30 53 
24 54 25 54 26 54 27 54 28 54 29 54 30 54 
23 52 
22 50 22 51 22 52 22 54 22 55 28 55 
21 50 21 54 22 56 23 56 24 56 25 56 26 56 
20 51 20 52 20 54 20 55 20 56 26 57 
22 58 23 58 24 58 26 58 27 58 
28 56 28 58 
29 56 
24 59 28 59 30 56 30 58 30 59 
25 60 26 60 27 60 28 60 30 60 31 58 
32 54 32 55 32 56 32 58 32 59 32 60 
33 56 
34 54 34 55 34 56 34 57 34 58 34 60 
35 54 35 60 
30 61 32 61 34 61 36 55 36 56 36 57 36 58 36 59 36 60 
30 62 32 62 34 62 35 62 36 62 
32 63 
30 64 31 64 32 64 34 64 35 64 36 64 
30 65 
32 66 33 66 34 66 35 66 36 66 37 62 37 64 37 66 
38 60 38 61 38 62 38 64 38 66 
39 64 
40 60 40 61 40 62 40 63 40 64 40 65 40 66 

38 59 40 59 42 59 42 60 42 61 42 62 42 63 42 64 
38 58 40 58 42 58 
38 57 42 57 
38 56 39 56 40 56 42 56 
40 55 42 55 
38 54 39 54 40 54 42 54 43 60 
44 55 44 56 44 57 44 58 44 59 44 60 
44 62 
44 63 
43 64 44 64 

42 66 43 66 44 66 
38 67 40 67 42 67 44 67 
39 68 40 68 42 68 44 68 45 62 45 68 
46 62 46 63 46 64 46 65 46 66 46 67 46 68 

38 68 42 69 44 69 
38 70 40 70 41 70 42 70 44 70 
38 71 
37 70 37 72 38 72 40 72 41 72 42 72 43 72 
36 68 36 69 36 70 36 72 36 73 40 73 42 73 
37 74 38 74 39 74 40 74 42 74 
44 72 44 73 44 74 
45 70 45 74 
46 70 46 71 46 72 46 74 
47 74 
48 70 48 71 48 72 48 73 48 74 
43 76 44 76 45 76 46 76 47 76 48 76 49 70 
50 69 50 70 50 72 50 74 50 75 
48 68 50 68 
48 67 
48 66 50 66 51 66 51 68 51 72 
48 65 50 65 52 65 52 66 52 68 52 70 52 71 
48 64 50 64 52 64 53 64 53 68 53 70 
54 64 54 65 54 66 54 67 54 68 54 70 

48 63 50 63 
48 62 49 62 50 62 52 62 









46 60 47 60 48 60 49 60 50 60 
46 59 
46 58 47 58 48 58 50 58 51 58 51 60 
52 58 52 60 52 61 
53 62 
54 59 54 60 54 61 54 62 
55 64 
56 60 56 61 56 62 56 63 56 64 56 65 56 66 
57 66 
58 60 58 61 58 62 58 63 58 64 
54 58 55 58 56 58 57 58 58 58 
52 57 58 57 
53 56 54 56 55 56 56 56 58 56 59 60 
60 56 60 57 60 58 60 60 60 62 
61 56 61 58 61 60 
62 56 62 58 62 59 62 60 62 61 62 62 


59 64 60 64 
60 65 
58 66 59 66 60 66 




56 55 58 55 
56 54 57 54 58 54 60 54 61 54 62 54 
60 53 62 53 
57 52 58 52 60 52 62 52 63 56 
64 52 64 54 64 56 64 57 64 58 
65 52 65 54 65 58 
66 52 66 54 66 55 66 56 66 58 
67 52 
66 59 68 54 68 55 68 56 68 58 
64 60 65 60 66 60 68 60 69 56 69 58 69 60 
64 61 68 61 70 56 70 57 70 58 70 60 70 61 
64 62 65 62 66 62 67 62 68 62 70 62 
71 58 
72 56 72 58 72 59 72 60 72 62 
73 56 73 58 73 60 73 62 
70 63 74 57 74 58 74 60 74 62 74 63 
68 64 70 64 71 64 72 64 73 64 74 64 
75 60 75 62 
76 58 76 60 76 62 76 64 
77 58 77 62 
78 58 78 59 78 60 78 62 78 63 78 64 
79 60 
80 58 80 59 80 60 80 62 80 63 80 64 
81 58 81 64 
76 65 78 65 82 60 82 61 82 62 82 63 82 64 
76 66 78 66 80 66 81 66 82 66 
78 67 80 67 
76 68 77 68 78 68 80 68 82 68 
76 69 80 69 82 69 
76 70 77 70 78 70 80 70 82 70 
78 71 80 71 
76 72 78 72 80 72 82 72 
78 73 82 73 
76 74 78 74 80 74 82 74 
76 75 78 75 80 75 
77 76 78 76 80 76 81 76 82 76 83 70 83 72 83 74 83 76 
84 72 84 74 84 76 84 77 
79 78 80 78 81 78 82 78 84 78 85 72 85 74 
86 72 86 74 86 76 86 77 86 78 
87 72 87 74 87 76 87 78 
82 79 84 79 88 74 88 76 88 78 
82 80 84 80 86 80 87 80 88 80 
86 81 88 81 
82 82 83 82 84 82 85 82 86 82 88 82 
89 76 89 78 
90 76 90 78 90 79 90 80 90 81 90 82 
91 76 
88 83 92 77 92 78 92 80 92 81 92 82 
86 84 87 84 88 84 90 84 91 84 92 84 
86 85 
86 86 88 86 89 86 90 86 91 86 92 86 
86 87 88 87 92 87 
88 88 89 88 90 88 92 88 93 82 93 88 
94 82 94 83 94 84 94 86 94 87 94 88 
95 84 
96 82 96 84 96 86 96 88 
97 82 97 84 97 88 
96 89 98 84 98 85 98 86 98 87 98 88 
92 90 93 90 94 90 96 90 97 90 98 90 
94 91 98 91 
92 92 93 92 94 92 96 92 97 92 98 92 
92 93 
92 94 94 94 95 94 96 94 98 94 
92 95 94 95 96 95 
93 96 94 96 96 96 97 96 98 96 99 94 
98 97 100 91 100 92 100 93 100 94 100 95 100 96 100 97 
95 98 96 98 97 98 98 98 100 98 
100 99 
96 100 97 100 98 100 99 100 100 100 


0 0 0 1 0 2 0 3 0 4 1 0 2 0 2 2 2 3 2 4 3 0 3 2 4 0 4 2 4 3 4 4 
0 5 2 5 4 5 
0 6 2 6 4 6 
0 7 2 7 
0 8 2 8 3 8 4 8 
0 9 
0 10 1 10 2 10 3 10 4 10 

5 6 5 8 5 10 
6 6 6 8 6 10 
7 8 7 10 
8 6 8 7 8 8 8 10 
9 10 
10 6 10 7 10 8 10 9 10 10 


0 0 0 1 0 2 0 3 0 4 1 0 2 0 2 2 2 4 3 0 3 2 3 4 4 0 4 2 4 4 
0 5 2 5 
0 6 2 6 4 6 5 0 5 2 5 4 5 6 
6 0 6 2 6 3 6 4 6 6 

0 7 2 7 4 7 
0 8 1 8 2 8 4 8 





7 0 
8 0 8 2 8 3 8 4 
9 0 9 4 
8 5 10 0 10 1 10 2 10 3 10 4 10 5 
8 6 10 6 
6 7 8 7 10 7 
6 8 7 8 8 8 10 8 



0 9 
0 10 1 10 2 10 3 10 4 10 5 10 6 10 

7 10 
8 10 
9 10 
10 9 10 10 


0 0 0 1 0 2 0 3 0 4 1 0 2 0 2 2 2 3 2 4 3 0 3 2 4 0 4 2 4 3 4 4 
0 5 2 5 4 5 
0 6 2 6 4 6 
0 7 2 7 4 7 
0 8 2 8 4 8 
0 9 2 9 
0 10 2 10 3 10 4 10 
0 11 
0 12 2 12 4 12 
0 13 2 13 4 13 
0 14 2 14 3 14 4 14 5 8 5 10 5 12 
6 8 6 10 6 11 6 12 6 14 

0 15 
0 16 2 16 3 16 4 16 
0 17 2 17 
0 18 2 18 3 18 4 18 5 16 5 18 
6 15 6 16 6 18 
7 14 
8 11 8 12 8 14 8 15 8 16 8 17 
8 10 9 12 
10 10 10 11 10 12 10 13 10 14 10 15 10 16 
11 10 
10 17 12 11 12 12 12 13 12 14 12 15 12 16 12 17 
8 18 10 18 12 18 
6 19 8 19 10 19 
6 20 8 20 9 20 10 20 12 20 




8 9 
7 8 8 8 10 8 






0 19 
0 20 2 20 4 20 
0 21 2 21 
0 22 2 22 3 22 4 22 5 20 5 22 
0 23 6 22 6 23 
2 24 4 24 5 24 6 24 
8 22 8 23 8 24 
9 22 9 24 
10 21 10 22 10 24 
4 25 
4 26 6 26 8 26 9 26 10 26 
4 27 6 27 8 27 10 27 
6 28 8 28 10 28 11 24 11 28 
12 22 12 23 12 24 12 26 12 27 12 28 

14 22 14 24 14 25 14 26 14 28 
15 22 15 24 15 26 15 28 
14 29 16 23 16 24 16 26 16 27 16 28 
10 30 11 30 12 30 13 30 14 30 15 30 16 30 

16 22 
12 21 14 21 
13 20 14 20 16 20 




10 31 
10 32 11 32 12 32 13 32 14 32 
8 29 8 30 8 31 8 32 
7 32 
6 29 6 30 6 32 6 33 
6 34 7 34 8 34 10 34 11 34 12 34 
10 35 
8 36 9 36 10 36 12 36 13 34 13 36 
14 33 14 34 14 36 

6 36 6 37 8 37 12 37 
5 36 6 38 8 38 9 38 10 38 11 38 
4 33 4 34 4 36 4 37 4 38 6 39 
4 40 5 40 6 40 8 40 10 40 
4 41 10 41 
5 42 6 42 8 42 9 42 10 42 11 40 11 42 
12 38 12 40 12 42 
13 42 
14 37 14 38 14 39 14 40 14 42 
15 40 15 42 
16 38 16 39 16 40 16 42 16 43 
11 44 12 44 13 44 14 44 15 44 16 44 17 38 17 42 
18 38 18 39 18 40 18 42 18 43 18 44 
19 40 
20 40 20 41 20 42 20 43 20 44 
21 44 
22 40 22 42 22 43 22 44 
16 46 17 46 18 46 20 46 21 46 22 46 
16 47 18 47 20 47 
18 48 19 48 20 48 22 48 23 42 23 48 
24 42 24 44 24 45 24 46 24 48 
25 44 
22 49 24 49 26 44 26 45 26 46 26 48 
22 50 24 50 25 50 26 50 27 44 27 46 27 50 
28 44 28 46 28 48 28 49 28 50 
29 44 29 46 29 48 
30 44 30 46 30 48 30 50 
31 46 31 48 31 50 
32 44 32 45 32 46 32 48 32 50 

34 44 34 45 34 46 34 48 34 49 34 50 
35 46 35 48 35 50 
36 44 36 46 36 48 36 50 
37 44 37 46 37 48 
38 44 38 46 38 48 38 49 38 50 
39 44 39 46 39 48 
40 44 40 45 40 46 40 48 40 49 40 50 
41 46 41 48 
42 44 42 46 42 48 42 49 42 50 
43 44 43 50 
44 44 44 46 44 47 44 48 44 50 
45 46 
44 51 46 46 46 47 46 48 46 49 46 50 46 51 
41 52 42 52 44 52 46 52 47 52 
42 53 48 47 48 48 48 49 48 50 48 51 48 52 
42 54 43 54 44 54 46 54 47 54 48 54 
44 55 46 55 48 55 
43 56 44 56 46 56 48 56 
50 50 50 51 50 52 50 54 50 55 50 56 
51 52 51 54 
52 50 52 52 52 54 52 55 52 56 
53 50 53 52 
54 50 54 52 54 53 54 54 54 56 
55 50 55 52 55 54 
50 57 52 57 54 57 56 51 56 52 56 54 56 56 56 57 
52 58 54 58 56 58 57 54 57 56 57 58 
58 52 58 53 58 54 58 56 58 58 
52 59 54 59 58 59 
52 60 54 60 55 60 56 60 58 60 
52 61 58 61 
54 62 55 62 56 62 58 62 59 56 59 62 
54 63 56 63 60 57 60 58 60 60 60 61 60 62 
54 64 56 64 57 64 58 64 59 64 60 64 
60 65 
55 66 56 66 58 66 60 66 61 66 
62 60 62 61 62 62 62 63 62 64 62 65 62 66 
63 60 
64 60 64 62 64 63 64 64 
61 58 62 58 64 58 
62 57 
60 56 62 56 64 56 65 56 65 58 65 60 65 62 
66 56 66 58 66 60 66 62 
67 58 67 60 67 62 
68 56 68 58 68 60 68 62 
69 58 69 60 
70 56 70 58 70 60 70 61 70 62 
71 56 71 58 
72 56 72 58 72 59 72 60 72 62 
73 56 73 58 73 62 
68 63 70 63 72 63 74 57 74 58 74 60 74 61 74 62 
68 64 69 64 70 64 72 64 73 64 74 64 
74 65 
68 66 69 66 70 66 71 66 72 66 74 66 
68 67 72 67 74 67 
69 68 70 68 72 68 74 68 
70 69 72 69 74 69 76 63 76 64 76 65 76 66 76 67 76 68 
70 70 72 70 74 70 76 70 
70 71 74 71 76 71 
70 72 71 72 72 72 74 72 76 72 
72 73 74 73 76 73 
70 74 71 74 72 74 73 74 74 74 76 74 

68 68 68 70 68 71 68 72 









66 64 66 65 66 66 66 68 
65 64 65 66 
64 66 64 67 64 68 64 69 66 69 
64 70 66 70 67 70 
64 71 66 71 
66 72 

66 74 67 74 68 74 
66 75 68 75 
66 76 68 76 69 76 70 76 71 76 72 76 
66 77 
68 78 70 78 71 78 72 78 73 76 73 78 
74 76 74 77 74 78 

76 75 76 76 76 77 76 78 

76 79 78 73 78 74 78 76 78 77 78 78 
72 80 73 80 74 80 76 80 78 80 
72 81 74 81 76 81 78 81 
72 82 74 82 76 82 77 82 78 82 
72 83 78 83 
72 84 74 84 75 84 76 84 77 84 78 84 
74 85 
71 86 72 86 74 86 75 86 76 86 77 86 
70 81 70 82 70 83 70 84 70 86 72 87 
70 88 72 88 73 88 74 88 75 88 76 88 
70 89 
72 90 73 90 74 90 76 90 77 88 77 90 
78 86 78 88 78 89 78 90 
79 86 
80 84 80 86 80 88 80 89 80 90 
81 84 81 86 81 88 81 90 
82 84 82 85 82 86 82 88 82 90 

84 84 84 85 84 86 84 87 84 88 84 89 84 90 
85 84 85 90 
86 85 86 86 86 88 86 89 86 90 
80 92 81 92 82 92 84 92 85 92 86 92 
80 93 82 93 84 93 
82 94 84 94 86 94 87 88 87 92 
88 88 88 90 88 91 88 92 88 94 
89 88 89 90 89 92 89 94 
90 88 90 89 90 90 90 92 



80 94 84 95 86 95 
80 96 81 96 82 96 83 96 84 96 86 96 
80 97 82 97 
79 94 79 98 80 98 82 98 83 98 84 98 85 98 
78 92 78 93 78 94 78 96 78 97 78 98 
77 94 77 96 
76 92 76 94 76 96 76 97 76 98 
75 92 75 94 75 96 75 98 
74 92 74 93 74 94 74 96 74 98 

72 92 72 93 72 94 72 95 72 96 72 97 72 98 
71 98 
70 93 70 94 70 96 70 97 70 98 
70 100 71 100 72 100 73 100 74 100 75 100 76 100 

77 100 
78 100 
79 100 
80 100 
81 100 
82 100 
83 100 
84 100 
85 100 
86 98 86 100 
87 96 87 98 87 100 
88 96 88 98 88 100 
89 100 
90 96 90 97 90 98 90 100 
91 98 91 100 
92 96 92 98 92 100 
93 98 93 100 
94 96 94 97 94 98 94 100 
95 100 
96 96 96 97 96 98 96 100 
97 96 97 98 97 100 
98 96 98 98 98 100 
99 100 
100 96 100 97 100 98 100 99 100 100 


